																											
																											
	1990	1991	1992	1993	1994	1995	1996	1997	1998	1999	2000	2001	2002	2003	2004	2005	2006	2007	2008	2009	2010	2011	2012	2013	2014	2015	2016
Belgium	47.79839091	50.01946971	50.55444081	49.38284116	52.46034869	53.34456769	56.20864904	56.26147508	57.18513913	57.42946846	58.13153218	58.01182128	55.66704995	57.99701606	58.2791356	58.2095796	57.69399233	56.70837843	58.40120558	56.11622048	60.34469833	56.20518725	53.83669019	55.77525679	52.75679411	53.258962	56.07047248
Czech Rep.	49.54339902	44.75610039	43.62137324	42.29938993	40.94902036	41.50366338	42.82815987	43.0983744	41.75528612	39.01146455	41.06821411	42.11034075	42.39402473	44.43585873	45.4765336	44.92249058	46.01587657	46.01152453	44.92717003	42.15987858	44.3913523	42.78552849	42.58187298	41.92361493	41.18915641	40.74455738	40.41479772
France	224.8732018	237.6426856	234.3370491	237.9587419	231.1206886	239.9431831	250.8876525	244.3559901	251.8473345	252.1098265	255.1153728	260.5045764	261.1449547	265.8247934	269.7122347	270.7481191	266.4118945	263.3754377	264.5356179	253.1657697	261.1372666	251.3100129	251.8789368	252.9679474	242.5843665	246.2017574	242.531815
Germany	354.8473376	344.3870079	337.8326361	334.9155517	332.7733308	336.1935029	347.5771407	345.8155149	343.39455	335.3182661	336.6351208	346.5295166	338.7695824	337.1492882	338.7495305	336.4058797	345.7966003	327.5570624	331.0666107	311.0009088	326.9296471	310.7284879	311.8656683	317.7626084	306.1250411	308.1048467	311.4856396
Italy	151.2893922	155.0223379	154.1153501	153.3581969	151.5046877	159.5616248	159.3893154	161.7093476	166.1810654	168.7265132	171.924129	172.3246813	173.4640254	181.7152418	182.9067257	186.567711	184.7949343	184.8103705	182.5472975	170.4886293	174.1312831	167.9603155	161.4596933	155.5821151	146.9584505	151.9761675	152.2676701
Netherlands	65.50959231	69.1754636	68.16576524	68.82253185	69.24411866	73.80398665	77.88040769	75.73695551	76.75507683	75.12602089	76.08975662	78.50133874	78.67513203	81.43243154	82.77905491	81.40706711	80.47758364	80.39670045	79.71445516	78.0444976	83.48188567	77.39167552	77.81915076	77.29750759	72.94660919	72.82964335	73.70861214
Poland	103.8877286	101.3257748	98.7240914	101.2955029	97.27513145	99.93765166	107.446662	102.2367077	95.31719998	92.77325084	89.24355048	90.17065369	88.63860427	90.85929736	91.13594352	92.31496418	96.95843438	96.50611889	97.95902053	94.29140709	100.6618512	101.2032668	98.02482821	98.070205	94.4983335	95.56215343	98.13349353
Portugal	17.22948455	17.3584114	18.63406622	18.29730484	18.88958853	20.12696922	19.96306136	20.94834218	22.77509837	24.44594477	24.60861383	24.7967281	25.82401822	25.11201001	25.81767521	26.45624313	25.14196151	25.31381322	24.66301976	24.33589597	23.48380645	22.82791205	21.44006747	21.57984626	21.21501733	22.04019689	22.21932733
Romania	62.26671869	51.34796131	46.78291484	45.61284441	43.02087436	46.59316766	47.73958047	44.88600586	41.04755459	36.27050905	36.23525105	36.8343262	38.22191905	39.61077368	38.69315273	38.56494344	39.98611166	39.79149729	39.65392413	34.94099599	35.09460836	35.87499881	35.00678573	31.98132495	31.77303764	32.40854265	32.66732499
Spain	90.63338914	93.93060891	95.40384678	92.10410982	96.44382225	101.3245743	99.42846739	105.5287838	110.9874804	116.173569	122.4051533	125.4551403	129.1119451	133.4553762	139.8423787	142.9549204	142.0944797	144.2962057	139.1196632	127.8978459	127.7798828	125.7421189	125.5555369	117.1568114	114.6134832	120.1138679	121.375397
Sweden	46.33790654	47.85711979	45.66634868	45.5680623	48.80915281	49.38526011	50.48937839	49.1523771	50.02130541	49.11914793	46.47625056	49.49377178	51.72492979	50.57389329	52.53692349	51.52390468	50.15646589	50.01225335	49.55223812	45.35842445	50.8534744	49.78506077	50.11219947	49.37058072	48.12709856	47.18147931	49.96913175
United Kingdom	205.8852362	212.9917418	212.561831	214.7522428	221.5430339	216.8437418	225.8847437	219.2527901	221.2782266	221.8759126	222.921392	223.7353664	218.7982784	222.5270973	221.5222942	222.5925254	218.8994316	211.0067399	207.4094921	195.6131102	202.5688022	188.0369851	193.8257964	191.5707041	179.3852333	181.1045349	178.3348429
Norway	21.06972119	21.75704357	22.22586844	23.54412097	23.05301138	23.50311125	22.7926369	24.16520125	25.19366514	26.38508478	26.16237743	26.87843264	25.19188579	27.31094229	26.74468668	27.09230252	27.46330311	27.87729143	32.45108666	31.58771225	34.13018154	28.24413192	29.88211502	32.83170894	29.00340064	29.74420869	30.08583269
Turkey	52.41680338	52.00048554	53.56007411	56.78908851	56.20594524	61.53332854	66.91190341	70.40688019	71.75168892	70.46373469	76.20126426	70.44790843	74.38982764	77.84900765	80.72297889	84.20970604	93.13647046	99.98656614	98.70071096	97.79270576	106.6623522	113.5097942	118.2257371	117.0302454	121.6719113	129.7818635	138.6284164
Kazakhstan	73.4591828	74.95539467	78.8564081	65.63212441	58.17283032	52.25623379	45.37399109	39.51475327	39.34718293	35.92845501	35.69152952	34.56763831	39.74161759	43.12202387	50.81505925	50.96429582	61.48975742	66.08426516	69.86313602	63.47044607	69.11482966	77.32801664	73.85903096	81.53847223	76.6641432	74.68421425	74.66245734
Russia	881.9941	872.8347505	800.1812879	756.5682628	659.577937	638.8207357	634.184388	605.9512489	591.6125666	608.6060038	618.8735599	625.5832002	622.6605633	644.9059652	646.9543986	651.3013174	670.2186552	672.1065391	687.7719864	646.5321275	687.8883779	721.3668524	739.4258534	728.5381861	710.5858637	689.7145147	691.5766491
Ukraine	242.7823991	244.5179223	212.1260144	188.9291053	160.9911921	160.0302338	147.0213124	140.0364431	131.9507408	131.0732885	129.5156167	129.6912928	131.3482166	140.6125282	139.8561712	142.8913508	137.3484971	137.8531971	134.5702713	114.4369623	132.3119621	126.459109	122.3930766	116.0501421	105.6705144	90.77124003	91.42556665
Uzbekistan	46.38256751	48.09543249	45.28092946	47.10377842	46.60351637	42.75546319	44.21330006	44.97077164	49.9818016	51.32457701	50.88158031	51.201146	53.3206341	51.55210411	50.81435611	47.09762594	48.11421763	47.78188287	49.79485336	44.21735406	43.22162556	47.36119966	48.4262306	42.97633511	43.68856855	44.91438528	43.66975429
Canada	210.9194558	210.2970282	215.3898396	222.7584101	230.6897867	233.7893574	238.4345143	240.9281278	239.6194569	246.3487007	253.5372782	250.0270463	250.7156599	263.9879708	270.1057473	271.6060441	268.4292181	270.1897999	272.4994837	262.2487231	264.902355	271.7241411	268.5066951	271.941095	280.1222396	274.0976469	273.2858356
United States	1910.049033	1925.513715	1963.92794	1998.421327	2035.915018	2062.773728	2108.425599	2129.884984	2156.492856	2206.189674	2269.127274	2226.613085	2256.436445	2261.634548	2308.240324	2319.520558	2297.559269	2337.932845	2277.688724	2165.505066	2216.185184	2191.327678	2162.169138	2188.838588	2222.553779	2203.006871	2203.921087
Argentina	46.07575693	47.49662476	49.95000462	50.09613983	53.29105201	54.0597337	56.05475585	57.84959364	59.82760767	60.85326268	61.57518172	58.57881925	56.9201771	60.90438474	66.53292339	66.93274	72.81673208	73.76034456	77.67730187	75.52925507	78.69036388	80.56922459	80.85625402	83.04046182	86.64395918	88.94420245	90.4319378
Brazil	140.6112534	143.2075605	144.7295344	148.3862466	156.1720985	161.428861	169.9965907	178.5616723	182.8919048	187.0273507	187.7404141	190.969014	195.9970751	199.193318	210.3258962	215.5599767	223.0971956	235.8459963	249.1276001	241.0801531	266.4962769	270.8173751	282.5076554	294.4879092	304.0232292	298.0257553	289.0811665
Chile	14.01174583	14.32528295	15.49251125	15.87798114	17.07204226	18.34607484	20.32090528	22.75365799	23.56084322	25.03500532	25.17145177	24.70078082	25.57176745	25.84066925	27.51392927	28.3670336	29.52400287	30.62128513	30.33224622	29.53157115	30.8590989	33.61138597	37.20763564	38.69607313	36.10486962	37.31628715	38.47630001
Colombia	24.22460263	24.48871061	25.0480061	26.20194128	27.12627863	27.60077128	28.27405318	27.43344709	28.73013774	25.69260065	25.81611693	25.70956482	25.20618067	25.73576341	26.00121953	27.08594265	28.4682766	28.29170809	29.62011915	30.70621711	31.20587858	31.25461365	31.54811033	33.65727438	34.01116542	35.11225501	32.81719605
Mexico	123.3070285	129.479359	130.6928227	133.0493451	136.0377231	131.6454206	134.5906039	141.5790689	145.4685779	149.6720175	150.34481	154.6848224	155.238426	165.0250412	166.7317849	178.3007798	182.3038098	181.0745963	179.8476581	180.0191691	174.9358665	183.8203007	191.8628351	192.3060413	188.2822104	185.6380125	181.7790865
Venezuela	39.58875808	41.35553493	46.26032489	43.08042666	49.93516727	46.84683009	49.93276721	49.71135631	52.34164095	49.90084305	51.28021958	53.06629514	57.5968415	52.96597487	56.42504182	56.31047981	62.65932066	58.02173067	64.88935732	65.02484143	72.38345981	67.20010512	73.06418251	68.76571751	67.50500123	66.9079313	65.32669875
China	870.421499	847.88306	876.924224	929.110525	973.089672	1044.659468	1073.324076	1071.806192	1078.716758	1100.082654	1133.834597	1180.173996	1259.944317	1440.015641	1641.981708	1816.146224	1986.199324	2148.761439	2216.259891	2366.817154	2614.59497	2804.658516	2911.302959	3005.27643	3052.324845	3079.808711	3122.855458
India	305.6699655	318.4549569	330.0945954	338.0307799	350.9911826	371.1652389	382.5139657	397.6957946	407.2332509	430.7487758	440.9181161	447.2238413	460.5791812	471.6240265	496.7568291	516.1728152	543.2959492	574.0340635	602.2289055	663.2208268	693.2765287	722.6895929	758.4717783	776.0044894	824.7692663	845.2956369	883.8114119
Indonesia	98.67332517	103.5044546	107.8963615	118.5212675	118.6649334	130.8895657	135.649972	140.2281845	137.1450747	143.7234588	155.7946574	159.4647277	165.3211855	165.8309005	176.7491138	179.9172105	184.1749696	183.3075067	186.93139	202.1824673	212.5175254	204.760705	212.4512175	218.0205889	226.095767	211.7206067	217.9912578
Japan	438.5465122	442.9877497	453.3223557	456.2926219	481.1669006	493.7106924	503.9972243	509.3038058	499.8109385	507.7025805	517.8113261	509.486103	508.7374704	504.9141941	521.0142074	519.1308642	518.3126921	513.6428238	494.1634943	471.0464811	498.6190217	461.6124493	451.5133848	454.7045882	441.7359805	433.7802748	437.2559764
Malaysia	21.81114804	26.90172706	29.66129586	32.16035778	32.198547	34.91339858	38.60922587	44.92362059	42.32469198	42.87492134	49.0645995	51.40577379	53.05538176	56.80358074	61.12631235	66.7260679	67.11726282	73.355331	76.64255315	72.7679848	74.28224326	77.10382049	78.57369891	88.46441226	90.23426002	88.66923471	94.27088519
South Korea	93.9710569	100.8474376	111.4068176	124.9804519	132.8880883	145.7110753	158.1698687	172.3204737	157.6025852	174.4997845	190.0622525	193.3489479	201.4574089	205.8052983	212.1164072	213.8877375	217.7122428	226.759182	231.9754603	234.3383107	255.6013406	266.5203008	270.541174	271.5178039	276.8201462	279.9433345	287.8003301
Taiwan	47.74877391	51.58422157	53.73106657	57.55027612	60.34276578	63.52616154	66.84015822	70.58482893	75.40003158	78.55512938	84.8444734	88.92934494	93.18947577	96.42673594	101.1646945	102.3756673	104.4233132	110.0863535	105.5979593	102.7478821	111.4587011	109.3958103	106.5416977	108.2349464	110.2408496	108.7375181	109.6936417
Thailand	41.94871433	45.55329407	48.53328968	51.21163303	56.62905852	61.92953962	69.24742677	70.53808284	66.1388637	70.61053643	72.29423269	74.39748119	82.27182932	89.12388088	96.30830294	99.01958434	100.9708352	105.2514568	108.12883	107.7256972	117.8622374	117.7222822	126.2346893	135.7577466	134.7853772	137.2124597	139.1951801
Australia	87.15938698	85.99447669	87.42071995	91.41820796	91.7672663	93.76840767	100.1708849	101.3567214	104.0648307	106.3955741	108.3154583	105.8224252	109.423001	109.9575213	111.8638018	113.4830934	118.1839297	122.2332235	126.7614626	127.1799133	127.6576066	128.3719724	126.771798	126.5887675	125.3470323	126.7106826	117.3991042
New Zealand	13.3164403	13.51396238	13.96186701	14.61882135	15.01141212	15.02759368	15.41395828	15.92806149	15.75207546	16.43446354	17.226659	17.32874891	17.3658797	17.12311658	17.54083252	17.20844578	17.27521384	17.50225575	17.79803564	17.97485286	18.81199477	18.74564323	19.6449351	19.60125943	20.82162701	20.75431147	21.14423635
Algeria	22.0583796	23.35245308	23.91854217	23.98115802	23.07979064	24.09630543	23.25661515	23.865789	24.64375451	26.34394555	26.7032168	26.7941325	28.52036434	29.99662789	29.90554476	30.91226142	33.40039674	35.63165832	36.35326839	40.03751136	39.44050046	41.16635228	45.26192342	47.07480317	51.38928973	53.79190291	55.20702826
Egypt	32.24281587	32.26159707	33.10462312	34.3284784	33.03857582	35.13456243	37.29152799	38.83840677	41.6152797	42.54472622	40.59504506	45.59109619	47.02990179	48.8184266	52.76864573	61.48483239	64.96664056	69.58908083	72.28793424	73.96371796	72.5541699	76.14375345	78.27446772	75.0349194	74.83868356	75.83703364	79.86892725
Nigeria	66.43421481	69.61812794	72.36980759	73.53286482	71.7302629	73.70677653	76.83832716	79.44023647	79.98471708	82.84806274	86.05883519	90.35599142	93.25079656	98.54943777	101.3383919	105.3288867	106.2029079	109.9485084	113.2113826	111.4153397	119.9028232	126.8216456	133.5784945	134.025026	134.7343698	136.2153088	136.8068607
South Africa	91.65883934	95.68418634	89.22990717	94.94042199	98.17056034	103.5461262	105.8121917	108.6724195	107.9618169	109.266866	109.0438847	112.1539232	110.0325168	117.6578526	128.461971	128.2552303	127.3276598	136.3520576	146.8735752	143.9806445	141.7879427	141.2922298	139.3164641	139.7520808	147.037	142.7820569	144.8148944
Iran	69.33448944	76.86253291	80.90974841	87.11384061	96.71086711	101.2197218	97.63475607	109.2679713	111.2791386	126.2397416	123.0433177	133.4942266	138.0777409	142.6947165	155.6166685	172.7012319	180.4956001	190.9763079	204.6551694	204.2646916	204.3258659	208.4032386	216.8119677	221.0405435	237.1605428	243.0275911	248.3016518
Kuwait	9.114936332	2.691919536	8.826104021	12.30651626	14.43676914	14.80183272	14.55728049	14.704979	16.79887321	18.02837737	18.72683068	19.98569038	20.55196624	21.90276297	23.37103883	26.28477509	25.66615521	26.26763548	28.71665707	31.41319105	32.0808278	32.38527186	37.19657704	34.93849377	33.88316713	36.86037389	37.07984478
Saudi Arabia	58.00086042	67.51470552	76.93102379	79.86447038	84.0277914	84.51221769	90.46435044	86.2706007	91.93735032	93.59670745	97.86460081	100.4574277	111.2601363	112.5831153	119.8126082	122.5602998	135.8069351	140.3337164	156.554275	166.6562802	185.5043434	178.1395957	200.3667435	192.1995485	213.5229603	223.4796535	222.7468515
United Arab Emirates	20.42594003	23.49031162	22.35890167	23.51691897	26.05970613	27.69961451	29.24531522	30.89278818	31.59167795	32.25755648	31.52725972	40.20861401	39.88575991	39.24160645	41.88901691	44.53507734	46.23621012	50.26960084	59.58807948	60.22795579	61.62040184	64.26511577	68.31806243	69.87245375	70.39836557	75.71238769	78.17266268